)O+_06 Big-body initial data  (WARNING: Do not delete this line!!)
) Input file for formation of Galilean moons
)---------------------------------------------------------------------
 style (Cartesian, Asteroidal, Cometary) = Ast
 epoch (in days) = 0
)---------------------------------------------------------------------
 body000   m=2e-09   d=3
 0.012759921085575 0.0355870815504872 1.91868561610901
 251.026795105635 134.222726453827 301.040704105394
 0. 0. 0.
 body001   m=2e-09   d=3
 0.00406176225705943 0.00105977757107603 1.6844180223736
 68.3613973821097 25.6251888468523 301.75250823265
 0. 0. 0.
 body002   m=2e-09   d=3
 0.00838263123008443 0.024559318592663 1.85935873956031
 60.3813051982196 29.6937307936989 356.160392774883
 0. 0. 0.
 body003   m=2e-09   d=3
 0.00671613766067089 0.0207323974617342 1.00096559381717
 95.6107113826464 158.725446833739 69.4464836856545
 0. 0. 0.
 body004   m=2e-09   d=3
 0.00692675616880003 0.0129771312494228 1.34959636750165
 206.279304054559 154.360529717591 161.326336671007
 0. 0. 0.
 body005   m=2e-09   d=3
 0.00399316362422711 0.00767597063609991 0.538348131360078
 93.4197015017291 16.9019364712346 80.9204238279065
 0. 0. 0.
 body006   m=2e-09   d=3
 0.0112421864846656 0.00804453303267607 1.56358527439342
 357.378375925412 103.944558203544 52.7616902603359
 0. 0. 0.
 body007   m=2e-09   d=3
 0.00321572150555268 0.0286788848967991 1.1694481292578
 99.1452479218457 258.093635346814 336.482033357904
 0. 0. 0.
 body008   m=2e-09   d=3
 0.00938545308777523 0.0298962253466996 2.88066051104508
 68.9062486796929 179.744615907628 139.365498394147
 0. 0. 0.
 body009   m=2e-09   d=3
 0.00377750764271855 0.0454802691830206 1.14968922504299
 195.742280559737 224.293847856495 168.226797686038
 0. 0. 0.
 body010   m=2e-09   d=3
 0.00943245836097494 0.0497298777391485 2.80722769065624
 160.67349474216 4.65844856785196 212.180262731544
 0. 0. 0.
 body011   m=2e-09   d=3
 0.0045079831372592 0.0295120272663187 0.966606396578751
 173.453421696915 34.8958852553955 162.603442655382
 0. 0. 0.
 body012   m=2e-09   d=3
 0.0119408999353382 0.0358343613602756 1.58436946405812
 285.639938319442 270.504488504795 342.533500915602
 0. 0. 0.
 body013   m=2e-09   d=3
 0.00342707349487507 0.0488548557272392 2.47394690306846
 263.180545919942 195.719126171881 114.943329756909
 0. 0. 0.
 body014   m=2e-09   d=3
 0.00618750759703334 0.0048454952884093 1.65099630874348
 150.302612160858 154.610472892658 270.158563929183
 0. 0. 0.
 body015   m=2e-09   d=3
 0.0058709914098676 0.0216488520439174 0.0436443791560599
 44.4406983952477 352.460145619378 120.547397602672
 0. 0. 0.
 body016   m=2e-09   d=3
 0.00936996274372737 0.0396144008411667 2.37260179899753
 104.146770430584 242.874092312336 153.026155035558
 0. 0. 0.
 body017   m=2e-09   d=3
 0.00312371981317215 0.00877769539381284 1.06104569217846
 164.305669192727 339.207063674662 113.003514570907
 0. 0. 0.
 body018   m=2e-09   d=3
 0.00696637922334285 0.046353046601741 1.38735961794838
 243.735967441506 347.309080154753 274.625714656273
 0. 0. 0.
 body019   m=2e-09   d=3
 0.00494153265114446 0.0103920945007022 1.89546801809075
 85.6954991555448 228.559958594971 286.415560906124
 0. 0. 0.
 body020   m=2e-09   d=3
 0.00897799820695508 0.0365727097729035 0.485352154142621
 201.032867518737 313.819798218073 243.939161954671
 0. 0. 0.
 body021   m=2e-09   d=3
 0.0117099203794678 0.00533332167595084 1.05323301907493
 30.5991041905411 262.355175718538 70.7647736451693
 0. 0. 0.
 body022   m=2e-09   d=3
 0.00758697937713274 0.0466933307531001 0.247172032819908
 27.9345716220338 182.824967836578 132.137478278282
 0. 0. 0.
 body023   m=2e-09   d=3
 0.00897758599993201 0.0391850182309089 1.69560195286473
 117.362862324334 235.410705534173 52.1704270468601
 0. 0. 0.
 body024   m=2e-09   d=3
 0.0121217350593389 0.0341083006341947 0.802136802910216
 81.8451440615009 320.47830159185 143.767342466796
 0. 0. 0.
 body025   m=2e-09   d=3
 0.00790463329364163 0.0372886418010534 0.53948094787135
 66.6282239346565 195.382564315271 192.722347228204
 0. 0. 0.
 body026   m=2e-09   d=3
 0.00998021939336969 0.0305670487740294 0.804176672408108
 251.83901018973 247.586970588568 86.4195458545817
 0. 0. 0.
 body027   m=2e-09   d=3
 0.00380021686868675 0.0202162589472014 0.892465476779417
 7.69499272468906 267.912351192153 235.048634954343
 0. 0. 0.
 body028   m=2e-09   d=3
 0.00384720514046505 0.00570759282401809 0.298494094690572
 2.41228584614944 289.759658927611 110.997288087765
 0. 0. 0.
 body029   m=2e-09   d=3
 0.00563698639971105 0.0348589448097638 1.57195819189731
 290.295695760075 267.792938983908 28.9598574922528
 0. 0. 0.
 body030   m=2e-09   d=3
 0.0116172976559302 0.0177474297174818 0.000875594038308947
 112.170204065665 305.550972878299 66.0197461356233
 0. 0. 0.
 body031   m=2e-09   d=3
 0.0104385451473818 0.0282586637135939 0.665060685692676
 314.621227734038 325.796645026915 242.352431619883
 0. 0. 0.
 body032   m=2e-09   d=3
 0.00470087783310702 0.0481319862733571 1.02370891759498
 17.627936643748 136.009749839477 207.068580604559
 0. 0. 0.
 body033   m=2e-09   d=3
 0.0109644531637598 0.0297287485785017 1.77416834712174
 7.94653006545147 30.8872851219894 33.9105177827892
 0. 0. 0.
 body034   m=2e-09   d=3
 0.00696714984858367 0.00934726536727411 1.35109585075474
 46.5545800739746 52.5619139858392 21.5513581602147
 0. 0. 0.
 body035   m=2e-09   d=3
 0.00757232367123341 0.0306593009089628 1.91327423606975
 16.7502619679225 164.438301075631 265.744042509471
 0. 0. 0.
 body036   m=2e-09   d=3
 0.010355999216873 0.00322302119280096 2.93585127100556
 319.286199641572 120.915514021202 346.330289029273
 0. 0. 0.
 body037   m=2e-09   d=3
 0.00451525960426546 0.0490190751409468 1.75062373196046
 180.56205075491 264.342732633089 41.542025034519
 0. 0. 0.
 body038   m=2e-09   d=3
 0.00956963340168526 0.0225742281048888 0.912665679074184
 247.868914567882 23.8930162046617 240.236266687266
 0. 0. 0.
 body039   m=2e-09   d=3
 0.0044669163809634 0.0151185193391189 0.191392565863762
 324.03778486659 81.9412403919983 88.5817671352899
 0. 0. 0.
 body040   m=2e-09   d=3
 0.00491435993660564 0.0347349750302286 2.796429973318
 118.837373555704 219.875375278387 275.721015442243
 0. 0. 0.
 body041   m=2e-09   d=3
 0.00710720428166146 0.0472071967889416 1.44444765573352
 57.4653479186354 54.8007400450911 165.367234963259
 0. 0. 0.
 body042   m=2e-09   d=3
 0.0111029220867256 0.0478071745703438 2.06795106119039
 252.332926384335 236.860429607495 316.433263196385
 0. 0. 0.
 body043   m=2e-09   d=3
 0.0116850945105573 0.0453041380404077 1.88307886924144
 27.9229979812975 126.712542529016 133.000680645301
 0. 0. 0.
 body044   m=2e-09   d=3
 0.00967631344080697 0.0217473258377936 0.0994234677676822
 83.9396558456754 102.846327242816 214.752323708704
 0. 0. 0.
 body045   m=2e-09   d=3
 0.0058268897602197 0.0420068485582814 0.182071375538225
 62.9080857991009 27.8842718535554 66.7217821430702
 0. 0. 0.
 body046   m=2e-09   d=3
 0.00696087186713737 0.0378124658788487 0.000588843269685668
 11.2605077991249 296.075549236496 131.563357691696
 0. 0. 0.
 body047   m=2e-09   d=3
 0.00379907304373019 0.0224425514428066 1.96195855366969
 289.057791257193 230.088315051542 330.354884790272
 0. 0. 0.
 body048   m=2e-09   d=3
 0.00667883890161308 0.0435395893724305 0.688160626730028
 109.440357953039 175.218217878305 107.976947553361
 0. 0. 0.
 body049   m=2e-09   d=3
 0.0075245553615896 0.0269063558298608 0.39321543880315
 318.603851589824 132.29020932456 103.538869578021
 0. 0. 0.
 body050   m=2e-09   d=3
 0.0107177792700057 0.0420931632799643 1.01358852897862
 152.513294654381 68.3113230771116 15.3205290432527
 0. 0. 0.
 body051   m=2e-09   d=3
 0.00681458858656066 0.00881173768548855 1.88410834537859
 247.822670109654 112.677252563009 29.3023141276157
 0. 0. 0.
 body052   m=2e-09   d=3
 0.0126227907840908 0.0363286153790995 1.29848539238555
 33.9279899857441 195.554832387424 347.47473697724
 0. 0. 0.
 body053   m=2e-09   d=3
 0.00689026743557964 0.0444390789016463 0.899618546289059
 91.7185431135105 315.57979749139 174.390514877951
 0. 0. 0.
 body054   m=2e-09   d=3
 0.0084839886995823 0.0197252862709881 0.497060804884104
 112.58308933029 127.122931675004 22.2829041004297
 0. 0. 0.
 body055   m=2e-09   d=3
 0.00407657371000382 0.0265318610028192 1.51714264671656
 138.643837590961 40.9392192306819 100.227165821427
 0. 0. 0.
 body056   m=2e-09   d=3
 0.00342619968888041 0.0499735066309896 2.75785002914026
 2.25438477017818 152.080436628469 331.99086450121
 0. 0. 0.
 body057   m=2e-09   d=3
 0.00616716478001722 0.0203250295119414 0.227500507802159
 273.023605926472 276.016493579448 68.8536026476177
 0. 0. 0.
 body058   m=2e-09   d=3
 0.00890621526975042 0.00158414830127995 0.423166791866766
 353.862462732938 214.277282755424 244.015918311655
 0. 0. 0.
 body059   m=2e-09   d=3
 0.00857311172224456 0.0322073622237585 2.52523918641316
 333.696148444176 102.117751293817 252.85908389808
 0. 0. 0.
 body060   m=2e-09   d=3
 0.009230586748458 0.0226459024258986 1.96744270069212
 202.433843692771 258.579505652075 342.212375220525
 0. 0. 0.
 body061   m=2e-09   d=3
 0.0115267732477729 0.0293744674194155 2.6165193003854
 233.863242896183 263.277144593764 25.2981551985957
 0. 0. 0.
 body062   m=2e-09   d=3
 0.00976123488883993 0.0276001133292503 2.7214679541881
 174.045673970136 245.709826704395 246.485573084872
 0. 0. 0.
 body063   m=2e-09   d=3
 0.0111908597371017 0.0348201345526338 1.30034444126525
 214.896964341102 300.996938539113 235.862291316771
 0. 0. 0.
 body064   m=2e-09   d=3
 0.00937172651354031 0.0235434463630085 1.09816602213406
 112.084099253015 122.916424466821 208.27072715479
 0. 0. 0.
 body065   m=2e-09   d=3
 0.0120200949852848 0.0394837382703638 1.27200567625344
 243.282031798868 193.088984303477 340.984296193302
 0. 0. 0.
 body066   m=2e-09   d=3
 0.0105907534864406 0.00660694461872779 2.76969253535207
 25.7348588871118 304.14126127109 116.076467623089
 0. 0. 0.
 body067   m=2e-09   d=3
 0.00896100681094403 0.0208065849242534 0.356947745262172
 215.166252101203 261.054706227821 112.831925714375
 0. 0. 0.
 body068   m=2e-09   d=3
 0.00998514092240603 0.0379918363492749 1.64124417498426
 215.081701749794 187.67101064322 125.909530877705
 0. 0. 0.
 body069   m=2e-09   d=3
 0.0126862441531692 0.0101805671086677 0.937532205236845
 128.104698983965 16.8215023576647 316.893444330531
 0. 0. 0.
 body070   m=2e-09   d=3
 0.00952880242811234 0.0354572452864254 0.523020327401714
 194.209251133937 248.650756350777 214.735845469418
 0. 0. 0.
 body071   m=2e-09   d=3
 0.00637008782682972 0.0264720843513306 0.0912114396654395
 260.748579188352 35.4360814588841 88.5488971839979
 0. 0. 0.
 body072   m=2e-09   d=3
 0.0108898296021567 0.0357359329096497 0.0704471105343352
 353.36225002288 282.424770865462 101.85825991097
 0. 0. 0.
 body073   m=2e-09   d=3
 0.00528784238575331 0.00699047500892327 2.05139707400125
 348.955109652382 186.788800766897 271.008336681861
 0. 0. 0.
 body074   m=2e-09   d=3
 0.00670091732014 0.0203783182372241 2.49932351779153
 209.948011936568 193.4163922077 305.741458495939
 0. 0. 0.
 body075   m=2e-09   d=3
 0.00889460271082882 0.00380451380718547 2.94489285505869
 225.962973282287 259.771590452496 272.508648946587
 0. 0. 0.
 body076   m=2e-09   d=3
 0.00782133940719098 0.0218629800003555 2.89538130440599
 141.803698671489 81.0218660402839 156.804265866727
 0. 0. 0.
 body077   m=2e-09   d=3
 0.00410920365261611 0.0323979394382089 2.59337640180702
 144.146847795375 141.494615484881 338.795543788322
 0. 0. 0.
 body078   m=2e-09   d=3
 0.0086666425627326 0.017028101248993 1.93838729547607
 139.880057243381 163.497566997288 56.3176135708113
 0. 0. 0.
 body079   m=2e-09   d=3
 0.00459239447174116 0.0113443153116936 2.31039235388348
 40.0669252216549 329.217495738438 353.653264274994
 0. 0. 0.
 body080   m=2e-09   d=3
 0.011347248756415 0.0206310706494307 1.81400746270677
 35.8887866717528 224.667822072347 185.956994822909
 0. 0. 0.
 body081   m=2e-09   d=3
 0.00599952959147304 0.0183653720769581 1.22712227007501
 341.073071340962 42.2787433245912 138.433201126687
 0. 0. 0.
 body082   m=2e-09   d=3
 0.00761356416631398 0.0463846610936635 2.95996983535553
 307.467083419059 84.9481919470392 251.80032963796
 0. 0. 0.
 body083   m=2e-09   d=3
 0.00534711846166968 0.0270516610134511 2.96541009947651
 82.9911271155014 336.196144733578 220.900425529843
 0. 0. 0.
 body084   m=2e-09   d=3
 0.0105744899869632 0.0354935678737633 0.507506517675612
 102.350444815005 293.018085915491 312.549863915877
 0. 0. 0.
 body085   m=2e-09   d=3
 0.00700890278799078 0.0242499409544077 0.49885710052423
 51.1686405547236 243.800176943231 270.865744054773
 0. 0. 0.
 body086   m=2e-09   d=3
 0.00473210850180417 0.00146405870627788 0.45864721771888
 116.608805157728 189.713555055488 248.27909544375
 0. 0. 0.
 body087   m=2e-09   d=3
 0.00655488916116048 0.0250820561861236 1.43409265512397
 272.521849920102 243.166263692906 58.4767936665978
 0. 0. 0.
 body088   m=2e-09   d=3
 0.0072086555984526 0.0138152694468332 2.36182618820871
 182.261851888727 40.4475890092388 308.726819634718
 0. 0. 0.
 body089   m=2e-09   d=3
 0.00866980688436781 0.0375227168790911 0.664538454146776
 189.712830241877 175.518813130432 131.056495845109
 0. 0. 0.
 body090   m=2e-09   d=3
 0.0115057548120396 0.0349102255387301 1.79272477682519
 137.992231787199 152.677796668599 246.619280645003
 0. 0. 0.
 body091   m=2e-09   d=3
 0.00792431969887043 0.0330398951819493 2.4361989541486
 300.078177277999 306.354593518481 293.227439073194
 0. 0. 0.
 body092   m=2e-09   d=3
 0.00779053191804344 0.0221686832163812 1.04770131815645
 154.040622022058 243.481542709939 281.112161801576
 0. 0. 0.
 body093   m=2e-09   d=3
 0.0107812188047669 0.0329465772698423 0.185441760785874
 75.6862487974892 49.8141621340403 26.8480209163752
 0. 0. 0.
 body094   m=2e-09   d=3
 0.00308109446773093 0.00973681935991735 1.05008231026371
 58.8896206362053 28.8930027929914 90.4958155327381
 0. 0. 0.
 body095   m=2e-09   d=3
 0.00475267322197333 0.0406251925103636 0.506713619545078
 135.551624916112 151.731826410654 52.9870170976116
 0. 0. 0.
 body096   m=2e-09   d=3
 0.00409457637283078 0.00767885779622333 1.44465214278185
 40.5944181177252 87.9067528259023 284.963779722388
 0. 0. 0.
 body097   m=2e-09   d=3
 0.00631600979193496 0.00880875361778344 0.0561319265825482
 309.590899651717 54.6060482578832 175.629217871957
 0. 0. 0.
 body098   m=2e-09   d=3
 0.00449633010760598 0.00492485588902198 2.80565651823348
 258.542558636494 43.4349845053404 314.545317106005
 0. 0. 0.
 body099   m=2e-09   d=3
 0.00314172413976551 0.0146219143347142 1.94548404917935
 353.74598739982 13.6173648459652 110.76244412476
 0. 0. 0.
